66.014482 98.002554 33.978884
15.001251 78.999529 71.999440
34.001043 96.999758 -0.998360
70.991262 98.998006 27.011173
70.001372 88.998835 100.998531
16.000558 31.001478 59.000128
95.997274 76.001116 95.999645


66.043587 98.007693 33.936452
15.003752 78.998586 71.998321
34.003129 96.999274 -0.995079
70.973715 98.994005 27.033620
70.004116 88.996506 100.995592
16.001673 31.004435 59.000384
95.991820 76.003348 95.998936


66.087609 98.015474 33.872290
15.007505 78.997171 71.996642
34.006259 96.998549 -0.990158
70.947212 98.987965 27.067546
70.008234 88.993011 100.991184
16.003347 31.008870 59.000768
95.983639 76.006696 95.997873


66.147006 98.025992 33.785752
15.012508 78.995285 71.994403
34.010433 96.997581 -0.983594
70.911524 98.979841 27.113275
70.013728 88.988350 100.985305
16.005578 31.014783 59.001279
95.972727 76.011163 95.996455


66.222426 98.039380 33.675921
15.018762 78.992927 71.991605
34.015652 96.996372 -0.975388
70.866324 98.969566 27.171265
70.020599 88.982521 100.977956
16.008368 31.022176 59.001919
95.959081 76.016748 95.994683


66.314755 98.055818 33.541550
15.026267 78.990096 71.988246
34.021916 96.994920 -0.965538
70.811171 98.957049 27.242137
70.028853 88.975524 100.969136
16.011716 31.031049 59.002687
95.942699 76.023453 95.992557


66.425167 98.075547 33.380981
15.035023 78.986793 71.984327
34.029228 96.993226 -0.954043
70.745475 98.942170 27.326721
70.038492 88.967355 100.958845
16.015623 31.041401 59.003582
95.923576 76.031281 95.990078


66.555230 98.098885 33.192002
15.045030 78.983017 71.979847
34.037587 96.991290 -0.940900
70.668450 98.924770 27.426121
70.049521 88.958013 100.947081
16.020088 31.053234 59.004606
95.901708 76.040234 95.987244


66.707049 98.126263 32.971646
15.056289 78.978767 71.974807
34.046995 96.989112 -0.926108
70.579044 98.904634 27.541820
70.061946 88.947495 100.933843
16.025114 31.066549 59.005757
95.877088 76.050313 95.984058


66.883514 98.158270 32.715840
15.068798 78.974042 71.969205
34.057455 96.986690 -0.909665
70.475810 98.881466 27.675853
70.075772 88.935799 100.919131
16.030699 31.081346 59.007037
95.849710 76.061522 95.980519


67.088727 98.195743 32.418796
15.082559 78.968843 71.963042
34.068967 96.984027 -0.891568
70.356693 98.854848 27.831112
70.091006 88.922921 100.902943
16.036844 31.097626 59.008445
95.819567 76.073864 95.976628


67.328825 98.239936 32.071865
15.097572 78.963168 71.956317
34.081533 96.981120 -0.871814
70.218625 98.824154 28.011921
70.107656 88.908858 100.885279
16.043550 31.115390 59.009980
95.786651 76.087343 95.972384


67.613717 98.292874 31.661071
15.113837 78.957017 71.949030
34.095156 96.977969 -0.850401
70.056648 98.788369 28.225266
70.125729 88.893606 100.866135
16.050817 31.134640 59.011644
95.750954 76.101961 95.967790


67.961522 98.358267 31.160845
15.131353 78.950389 71.941180
34.109837 96.974576 -0.827325
69.861700 98.745640 28.483930
70.145235 88.877161 100.845512
16.058646 31.155376 59.013436
95.712467 76.117725 95.962844


68.413568 98.444616 30.512798
15.150122 78.943283 71.932767
34.125580 96.970939 -0.802584
69.613115 98.691715 28.817106
70.166183 88.859518 100.823407
16.067038 31.177600 59.015356
95.671177 76.134637 95.957549


69.126758 98.584473 29.494597
15.170144 78.935698 71.923790
34.142386 96.967058 -0.776174
69.232439 98.610318 29.335959
70.188584 88.840673 100.799818
16.075993 31.201314 59.017405
95.627076 76.152703 95.951904


99.534050 105.986060 -16.098461
15.191419 78.927633 71.914248
34.160257 96.962933 -0.748092
54.003189 94.897338 52.142840
70.212447 88.820620 100.774743
16.085512 31.226518 59.019582
95.580150 76.171929 95.945910


129.940568 113.387404 -61.690755
15.214326 78.919260 71.904049
34.178562 96.958520 -0.718714
38.773404 91.183535 74.950497
70.237575 88.799372 100.747980
16.095600 31.253283 59.021942
95.530248 76.192327 95.939623


160.346807 120.788652 -107.282694
15.240530 78.911535 71.893930
34.196956 96.953797 -0.688273
23.542392 87.467869 97.758285
70.263280 88.776902 100.719507
16.106217 31.281702 59.024642
95.477221 76.213869 95.933255


190.752902 128.189853 -152.874434
15.268276 78.903909 71.885819
34.215360 96.948766 -0.656893
8.311928 83.751103 120.563430
70.289594 88.753105 100.690039
16.117243 31.311700 59.027817
95.421149 76.236492 95.927005


221.158910 135.591025 -198.466047
15.296726 78.895720 71.878288
34.233755 96.943428 -0.624641
-6.917682 80.034092 143.367197
70.316991 88.727961 100.659779
16.128600 31.343124 59.031461
95.362155 76.260163 95.920938


251.564857 142.992177 -244.057573
15.325889 78.886891 71.870874
34.252139 96.937788 -0.591551
-22.146749 76.317009 166.170177
70.345710 88.701475 100.628709
16.140271 31.375877 59.035516
95.300311 76.284872 95.915061


281.970762 150.393316 -289.649037
15.355798 78.877411 71.863418
34.270513 96.931845 -0.557645
-37.375463 72.599906 188.972653
70.375862 88.673646 100.596794
16.152259 31.409911 59.039933
95.235650 76.310623 95.909365


312.376634 157.794446 -335.240451
15.386474 78.867277 71.855848
34.288879 96.925602 -0.522936
-52.603935 68.882802 211.774782
70.407512 88.644471 100.564008
16.164572 31.445205 59.044679
95.168180 76.337421 95.903844


342.782481 165.195568 -380.831828
15.417932 78.856487 71.848131
34.307238 96.919058 -0.487431
-67.832231 65.165704 234.576657
70.440703 88.613944 100.530333
16.177217 31.481749 59.049732
95.097901 76.365273 95.898492


373.188307 172.596683 -426.423175
15.450181 78.845041 71.840244
34.325592 96.912215 -0.451135
-83.060395 61.448615 257.378341
70.475467 88.582059 100.495754
16.190200 31.519539 59.055079
95.024802 76.394189 95.893305


403.594116 179.997794 -472.014496
15.483226 78.832939 71.832174
34.343941 96.905071 -0.414054
-98.288455 57.731535 280.179874
70.511835 88.548806 100.460262
16.203526 31.558573 59.060711
94.948868 76.424179 95.888280


433.999911 187.398901 -517.605796
15.517074 78.820179 71.823913
34.362288 96.897628 -0.376188
-113.516432 54.014462 302.981285
70.549834 88.514177 100.423849
16.217198 31.598853 59.066621
94.870082 76.455251 95.883418


464.405694 194.800004 -563.197078
15.551727 78.806760 71.815453
34.380633 96.889884 -0.337540
-128.744341 50.297398 325.782598
70.589492 88.478160 100.386505
16.231219 31.640377 59.072804
94.788423 76.487418 95.878718


494.811467 202.201105 -608.788344
15.587189 78.792680 71.806790
34.398976 96.881840 -0.298110
-143.972193 46.580341 348.583828
70.630835 88.440747 100.348226
16.245593 31.683149 59.079258
94.703867 76.520691 95.874181


525.217231 209.602203 -654.379597
15.623462 78.777938 71.797920
34.417319 96.873496 -0.257900
-159.199998 42.863291 371.384987
70.673891 88.401924 100.309004
16.260322 31.727170 59.085981
94.616389 76.555080 95.869807


555.622987 217.003298 -699.970839
15.660548 78.762532 71.788839
34.435661 96.864851 -0.216909
-174.427763 39.146246 394.186087
70.718689 88.361679 100.268833
16.275408 31.772443 59.092970
94.525963 76.590599 95.865600


586.028735 224.404392 -745.562070
15.698449 78.746461 71.779545
34.454004 96.855904 -0.175137
-189.655491 35.429208 416.987134
70.765258 88.320000 100.227709
16.290852 31.818969 59.100224
94.432560 76.627262 95.861560


616.434478 231.805485 -791.153291
15.737166 78.729723 71.770036
34.472348 96.846656 -0.132585
-204.883189 31.712173 439.788135
70.813629 88.276873 100.185624
16.306658 31.866751 59.107743
94.336149 76.665081 95.857692


646.840215 239.206575 -836.744505
15.776702 78.712316 71.760310
34.490692 96.837106 -0.089251
-220.110859 27.995144 462.589097
70.863835 88.232283 100.142573
16.322825 31.915793 59.115527
94.236697 76.704071 95.853997


677.245948 246.607665 -882.335710
15.817057 78.694237 71.750365
34.509039 96.827254 -0.045135
-235.338506 24.278118 485.390022
70.915908 88.186214 100.098551
16.339358 31.966096 59.123574
94.134171 76.744248 95.850479


707.651675 254.008753 -927.926909
15.858233 78.675485 71.740199
34.527386 96.817099 -0.000237
-250.566130 20.561097 508.190915
70.969885 88.138651 100.053551
16.356256 32.017664 59.131885
94.028532 76.785628 95.847142


738.057399 261.409840 -973.518102
15.900232 78.656058 71.729811
34.545736 96.806640 0.045444
-265.793735 16.844079 530.991779
71.025802 88.089577 100.007567
16.373522 32.070499 59.140461
93.919744 76.828228 95.843989


768.463118 268.810926 -1019.109289
15.943054 78.635952 71.719199
34.564088 96.795878 0.091909
-281.021323 13.127064 553.792617
71.083700 88.038973 99.960593
16.391156 32.124606 59.149300
93.807765 76.872065 95.841026


798.868835 276.212011 -1064.700471
15.986701 78.615167 71.708362
34.582442 96.784811 0.139160
-296.248894 9.410052 576.593432
71.143619 87.986820 99.912622
16.409162 32.179987 59.158404
93.692553 76.917159 95.838256


829.274548 283.613095 -1110.291649
16.031174 78.593698 71.697299
34.600799 96.773439 0.187196
-311.476451 5.693042 599.394224
71.205603 87.933099 99.863648
16.427540 32.236646 59.167773
93.574061 76.963529 95.835684


859.680258 291.014178 -1155.882821
16.076474 78.571544 71.686007
34.619159 96.761761 0.236019
-326.703994 1.976035 622.194997
71.269697 87.877787 99.813663
16.446292 32.294586 59.177408
93.452243 77.011197 95.833317


890.085965 298.415261 -1201.473990
16.122602 78.548703 71.674487
34.637522 96.749777 0.285631
-341.931525 -1.740969 644.995752
71.335951 87.820864 99.762660
16.465420 32.353810 59.187308
93.327047 77.060184 95.831158


920.491670 305.816343 -1247.065155
16.169561 78.525170 71.662735
34.655888 96.737487 0.336032
-357.159045 -5.457971 667.796489
71.404416 87.762305 99.710631
16.484925 32.414323 59.197475
93.198420 77.110515 95.829215


950.897373 313.217425 -1292.656316
16.217349 78.500945 71.650752
34.674257 96.724889 0.387223
-372.386555 -9.174971 690.597211
71.475147 87.702085 99.657568
16.504809 32.476128 59.207909
93.066306 77.162213 95.827494


981.303073 320.618505 -1338.247474
16.265970 78.476023 71.638536
34.692630 96.711983 0.439206
-387.614054 -12.891970 713.397919
71.548200 87.640178 99.603462
16.525073 32.539229 59.218612
92.930644 77.215305 95.826002


1011.708771 328.019586 -1383.838629
16.315424 78.450401 71.626086
34.711007 96.698769 0.491982
-402.841545 -16.608966 736.198613
71.623637 87.576555 99.548306
16.545720 32.603630 59.229583
92.791372 77.269818 95.824745


1042.114467 335.420666 -1429.429781
16.365712 78.424077 71.613399
34.729387 96.685245 0.545553
-418.069027 -20.325961 758.999294
71.701522 87.511188 99.492089
16.566751 32.669335 59.240823
92.648421 77.325783 95.823732


1072.520162 342.821745 -1475.020930
16.416835 78.397048 71.600476
34.747772 96.671410 0.599920
-433.296501 -24.042954 781.799964
71.781925 87.444045 99.434801
16.588167 32.736349 59.252334
92.501721 77.383230 95.822970


1102.925855 350.222824 -1520.612077
16.468795 78.369310 71.587314
34.766160 96.657266 0.655084
-448.523968 -27.759946 804.600622
71.864918 87.375092 99.376432
16.609971 32.804675 59.264117
92.351196 77.442191 95.822469


1133.331546 357.623902 -1566.203221
16.521593 78.340860 71.573912
34.784553 96.642809 0.711046
-463.751427 -31.476936 827.401271
71.950579 87.304294 99.316971
16.632164 32.874319 59.276171
92.196765 77.502704 95.822238


1163.737235 365.024980 -1611.794363
16.575229 78.311694 71.560269
34.802950 96.628041 0.767809
-478.978880 -35.193925 850.201909
72.038992 87.231613 99.256407
16.654749 32.945284 59.288500
92.038342 77.564803 95.822287


1194.142924 372.426058 -1657.385503
16.629706 78.281808 71.546384
34.821352 96.612959 0.825374
-494.206327 -38.910912 873.002538
72.130244 87.157009 99.194727
16.677727 33.017576 59.301102
91.875836 77.628531 95.822625


1224.548610 379.827135 -1702.976641
16.685024 78.251201 71.532254
34.839759 96.597564 0.883743
-509.433769 -42.627899 895.803159
72.224431 87.080439 99.131919
16.701099 33.091198 59.313980
91.709150 77.693929 95.823266


1254.954296 387.228213 -1748.567777
16.741184 78.219866 71.517879
34.858171 96.581854 0.942916
-524.661204 -46.344884 918.603771
72.321654 87.001858 99.067967
16.724869 33.166157 59.327135
91.538178 77.761043 95.824220


1285.359980 394.629289 -1794.158911
16.798188 78.187802 71.503257
34.876587 96.565829 1.002896
-539.888635 -50.061868 941.404376
72.422022 86.921215 99.002859
16.749038 33.242457 59.340568
91.362809 77.829921 95.825500


1315.765663 402.030366 -1839.750043
16.856036 78.155003 71.488386
34.895009 96.549487 1.063685
-555.116060 -53.778851 964.204973
72.525652 86.838459 98.936577
16.773608 33.320103 59.354279
91.182923 77.900616 95.827122


1346.171345 409.431442 -1885.341173
16.914731 78.121465 71.473265
34.913437 96.532829 1.125284
-570.343481 -57.495833 987.005563
72.632669 86.753534 98.869106
16.798581 33.399101 59.368271
90.998391 77.973184 95.829098


1376.577026 416.832518 -1930.932302
16.974273 78.087186 71.457892
34.931870 96.515852 1.187694
-585.570897 -61.212814 1009.806146
72.743210 86.666377 98.800428
16.823959 33.479456 59.382544
90.809072 78.047685 95.831446


1406.982706 424.233593 -1976.523430
17.034664 78.052159 71.442266
34.950308 96.498557 1.250919
-600.798309 -64.929794 1032.606724
72.857421 86.576923 98.730523
16.849745 33.561173 59.397100
90.614818 78.124185 95.834183


1437.388385 431.634668 -2022.114555
17.095905 78.016382 71.426385
34.968753 96.480942 1.314959
-616.025717 -68.646774 1055.407295
72.975462 86.485102 98.659371
16.875941 33.644258 59.411940
90.415466 78.202755 95.837328


1467.794063 439.035744 -2067.705680
17.157996 77.979848 71.410247
34.987204 96.463007 1.379817
-631.253121 -72.363752 1078.207860
73.097505 86.390836 98.586950
16.902548 33.728717 59.427066
90.210837 78.283471 95.840900


1498.199740 446.436818 -2113.296803
17.220940 77.942555 71.393851
35.005660 96.444750 1.445494
-646.480522 -76.080730 1101.008420
73.223741 86.294042 98.513237
16.929570 33.814557 59.442479
90.000741 78.366417 95.844921


1528.605416 453.837893 -2158.887925
17.284737 77.904497 71.377195
35.024124 96.426171 1.511992
-661.707919 -79.797707 1123.808974
73.354375 86.194627 98.438205
16.957008 33.901782 59.458181
89.784967 78.451683 95.849416


1559.011091 461.238968 -2204.479046
17.349389 77.865669 71.360277
35.042594 96.407268 1.579314
-676.935312 -83.514683 1146.609523
73.489633 86.092493 98.361826
16.984866 33.990400 59.474172
89.563285 78.539369 95.854410


1589.416766 468.640042 -2250.070165
17.414897 77.826067 71.343095
35.061071 96.388041 1.647461
-692.162702 -87.231658 1169.410068
73.629767 85.987529 98.284072
17.013145 34.080416 59.490455
89.335441 78.629584 95.859932


1619.822440 476.041116 -2295.661283
17.481262 77.785685 71.325647
35.079554 96.368489 1.716435
-707.390090 -90.948633 1192.210608
73.775050 85.879615 98.204907
17.041848 34.171837 59.507032
89.101155 78.722449 95.866012


1650.228113 483.442190 -2341.252401
17.548486 77.744518 71.307932
35.098045 96.348610 1.786239
-722.617474 -94.665607 1215.011143
73.925790 85.768616 98.124297
17.070978 34.264671 59.523903
88.860118 78.818098 95.872685


1680.633785 490.843263 -2386.843517
17.616570 77.702560 71.289948
35.116544 96.328404 1.856875
-737.844855 -98.382581 1237.811674
74.082330 85.654384 98.042202
17.100538 34.358923 59.541071
88.611982 78.916678 95.879989


1711.039457 498.244337 -2432.434632
17.685514 77.659807 71.271692
35.135049 96.307869 1.928344
-753.072233 -102.099554 1260.612201
74.245052 85.536752 97.958577
17.130529 34.454601 59.558537
88.356360 79.018356 95.887965


1741.445128 505.645410 -2478.025746
17.755322 77.616253 71.253162
35.153563 96.287005 2.000650
-768.299609 -105.816526 1283.412724
74.414390 85.415533 97.873375
17.160955 34.551712 59.576303
88.092815 79.123318 95.896660


1771.850798 513.046483 -2523.616859
17.825993 77.571891 71.234357
35.172085 96.265810 2.073794
-783.526983 -109.533498 1306.213244
74.590837 85.290515 97.786540
17.191819 34.650263 59.594370
87.820850 79.231776 95.906125


1802.256468 520.447556 -2569.207972
17.897528 77.526716 71.215274
35.190614 96.244283 2.147778
-798.754353 -113.250469 1329.013759
74.774957 85.161458 97.698013
17.223124 34.750263 59.612742
87.539896 79.343970 95.916420


1832.662137 527.848629 -2614.799083
17.969930 77.480723 71.195911
35.209153 96.222424 2.222605
-813.981722 -116.967439 1351.814271
74.967399 85.028082 97.607724
17.254872 34.851718 59.631419
87.249299 79.460178 95.927611


1863.067806 535.249702 -2660.390194
18.043200 77.433904 71.176266
35.227700 96.200231 2.298278
-829.209088 -120.684410 1374.614780
75.168923 84.890069 97.515597
17.287066 34.954636 59.650404
86.948296 79.580719 95.939772


1893.473474 542.650775 -2705.981303
18.117338 77.386253 71.156337
35.246255 96.177702 2.374798
-844.436452 -124.401379 1397.415285
75.380422 84.747041 97.421542
17.319710 35.059027 59.669699
86.635989 79.705969 95.952991


1923.879142 550.051847 -2751.572412
18.192347 77.337765 71.136121
35.264820 96.154837 2.452168
-859.663814 -128.118348 1420.215787
75.602963 84.598553 97.325457
17.352807 35.164897 59.689305
86.311307 79.836374 95.967368


1954.284809 557.452919 -2797.163521
18.268227 77.288431 71.115617
35.283394 96.131634 2.530390
-874.891173 -131.835317 1443.016286
75.837836 84.444069 97.227222
17.386359 35.272255 59.709226
85.972953 79.972468 95.983020


1984.690475 564.853992 -2842.754628
18.344979 77.238246 71.094821
35.301978 96.108093 2.609468
-890.118531 -135.552285 1465.816782
76.086632 84.282934 97.126697
17.420371 35.381111 59.729462
85.619334 80.114905 96.000085


2015.096141 572.255064 -2888.345735
18.422605 77.187203 71.073731
35.320571 96.084211 2.689403
-905.345887 -139.269253 1488.617275
76.351353 84.114334 97.023713
17.454846 35.491473 59.750016
85.248442 80.264501 96.018729


2045.501807 579.656136 -2933.936841
18.501106 77.135294 71.052345
35.339174 96.059989 2.770198
-920.573241 -142.986221 1511.417765
76.634583 83.937226 96.918069
17.489786 35.603349 59.770891
84.857687 80.422295 96.039152


2075.907472 587.057207 -2979.527946
18.580484 77.082512 71.030660
35.357788 96.035423 2.851856
-935.800593 -146.703188 1534.218253
76.939768 83.750242 96.809513
17.525196 35.716751 59.792089
84.443620 80.589656 96.061601


2106.313137 594.458279 -3025.119051
18.660739 77.028850 71.008674
35.376412 96.010514 2.934380
-951.027943 -150.420154 1557.018738
77.271695 83.551509 96.697736
17.561079 35.831686 59.813612
84.001449 80.768456 96.086385


2136.718801 601.859351 -3070.710155
18.741873 76.974299 70.986385
35.395047 95.985260 3.017772
-966.255292 -154.137121 1579.819220
77.637394 83.338333 96.582344
17.597439 35.948165 59.835463
83.524138 80.961389 96.113894


2167.124465 609.260422 -3116.301258
18.823887 76.918852 70.963789
35.413693 95.959659 3.102034
-981.482639 -157.854086 1602.619700
78.048022 83.106549 96.462840
17.634279 36.066198 59.857644
83.000526 81.172618 96.144622


2197.530129 616.661494 -3161.892361
18.906782 76.862502 70.940884
35.432350 95.933710 3.187170
-996.709984 -161.571052 1625.420178
78.523492 82.848989 96.338648
17.671603 36.185795 59.880158
82.410693 81.409309 96.179142


2227.935792 624.062565 -3207.483463
18.990559 76.805239 70.917667
35.451018 95.907411 3.273183
-1011.937328 -165.288017 1648.220653
79.107160 82.550923 96.209517
17.709416 36.306966 59.903008
81.711279 81.686195 96.217704


2258.341454 631.463636 -3253.074565
19.075219 76.747056 70.894136
35.469699 95.880762 3.360075
-1027.164670 -169.004982 1671.021126
79.942215 82.168978 96.080712
17.747720 36.429723 59.926196
80.759090 82.046644 96.255038


2288.747117 638.864708 -3298.665666
19.160764 76.687944 70.870288
35.488391 95.853761 3.447849
-1042.392011 -172.721946 1693.821597
83.492258 81.380174 96.530993
17.786521 36.554077 59.949724
77.090519 82.813636 95.712382


2319.152779 646.265779 -3344.256767
19.247199 76.627898 70.846125
35.507094 95.826406 3.536509
-1057.619351 -176.438911 1716.622065
86.997329 80.601155 96.975187
17.825820 36.680039 59.973598
73.465518 83.570522 95.174899


2349.558440 653.666850 -3389.847867
19.334540 76.566917 70.821657
35.525808 95.798697 3.626057
-1072.846689 -180.155874 1739.422532
90.491849 79.824197 97.417675
17.865621 36.807626 59.997819
69.849650 84.325013 94.638193


2379.964102 661.067920 -3435.438966
19.422814 76.505007 70.796903
35.544529 95.770632 3.716499
-1088.074025 -183.872838 1762.222996
93.981511 79.048068 97.859231
17.905924 36.936856 60.022394
66.237196 85.078314 94.101460


2410.369763 668.468991 -3481.030065
19.512059 76.442182 70.771895
35.563253 95.742211 3.807838
-1103.301361 -187.589801 1785.023459
97.468251 78.272368 98.300136
17.946728 37.067750 60.047330
62.626188 85.830794 93.564376


2440.775423 675.870062 -3526.621164
19.602326 76.378466 70.746674
35.581976 95.713434 3.900080
-1118.528695 -191.306764 1807.823919
100.952962 77.496921 98.740532
17.988030 37.200333 60.072632
59.015690 86.582580 93.026744


2471.181084 683.271133 -3572.212262
19.693676 76.313896 70.721303
35.600690 95.684299 3.993231
-1133.756028 -195.023727 1830.624378
104.436135 76.721636 99.180502
18.029826 37.334632 60.098309
55.405159 87.333697 92.488409


2501.586744 690.672203 -3617.803360
19.786183 76.248527 70.695860
35.619389 95.654808 4.087295
-1148.983359 -198.740689 1853.424835
107.918073 75.946464 99.620104
18.072108 37.470675 60.124368
51.794234 88.084114 91.949218


2531.992403 698.073274 -3663.394457
19.879931 76.182439 70.670449
35.638063 95.624959 4.182278
-1164.210690 -202.457651 1876.225290
111.398979 75.171374 100.059381
18.114867 37.608494 60.150819
48.182648 88.833749 91.409012


2562.398063 705.474344 -3708.985553
19.975009 76.115741 70.645205
35.656703 95.594755 4.278185
-1179.438019 -206.174613 1899.025744
114.878996 74.396346 100.498366
18.158089 37.748121 60.177668
44.570191 89.582478 90.867609


2592.803722 712.875414 -3754.576650
20.071500 76.048584 70.620297
35.675297 95.564194 4.375020
-1194.665347 -209.891575 1921.826195
118.358232 73.621369 100.937086
18.201759 37.889590 60.204924
40.956699 90.330131 90.324802


2623.209381 720.276485 -3800.167746
20.169465 75.981170 70.595931
35.693834 95.533279 4.472789
-1209.892674 -213.608536 1944.626646
121.836771 72.846433 101.375564
18.245856 38.032933 60.232592
37.342058 91.076479 89.780352


2653.615039 727.677555 -3845.758841
20.268917 75.913754 70.572346
35.712300 95.502010 4.571493
-1225.120000 -217.325497 1967.427094
125.314681 72.071534 101.813819
18.290357 38.178182 60.260679
33.726226 91.821240 89.233990


2684.020698 735.078625 -3891.349936
20.369779 75.846642 70.549795
35.730681 95.470389 4.671135
-1240.347325 -221.042458 1990.227541
128.792015 71.296668 102.251869
18.335236 38.325367 60.289187
30.109264 92.564080 88.685442


2714.426356 742.479695 -3936.941031
20.471855 75.780159 70.528508
35.748964 95.438416 4.771716
-1255.574649 -224.759418 2013.027986
132.268820 70.521831 102.689728
18.380465 38.474515 60.318117
26.491366 93.304650 88.134460


2744.832014 749.880765 -3982.532125
20.574810 75.714597 70.508642
35.767134 95.406094 4.873235
-1270.801972 -228.476379 2035.828430
135.745136 69.747021 103.127410
18.426013 38.625650 60.347470
22.872872 94.042633 87.580876


2775.237671 757.281835 -4028.123219
20.678199 75.650148 70.490224
35.785177 95.373424 4.975690
-1286.029294 -232.193339 2058.628873
139.220995 68.972238 103.564926
18.471848 38.778792 60.377241
19.254239 94.777820 87.024655


2805.643328 764.682905 -4073.714313
20.781549 75.586849 70.473138
35.803078 95.340407 5.079079
-1301.256615 -235.910299 2081.429314
142.696428 68.197480 104.002288
18.517939 38.933955 60.407426
15.635957 95.510156 86.465912


2836.048986 772.083975 -4119.305406
20.884443 75.524581 70.457144
35.820822 95.307046 5.183397
-1316.483935 -239.627259 2104.229753
146.171462 67.422746 104.439505
18.564254 39.091149 60.438017
12.018461 96.239749 85.904887


2866.454642 779.485045 -4164.896499
20.986583 75.463111 70.441944
35.838398 95.273341 5.288637
-1331.711254 -243.344218 2127.030192
149.646118 66.648036 104.876586
18.610766 39.250381 60.469005
8.402068 96.966826 85.341885


2896.860299 786.886114 -4210.487591
21.087801 75.402150 70.427233
35.855791 95.239295 5.394792
-1346.938572 -247.061177 2149.830629
153.120420 65.873348 105.313539
18.657446 39.411653 60.500381
4.786964 97.691674 84.777222


2927.265955 794.287184 -4256.078683
21.188036 75.341404 70.412735
35.872991 95.204907 5.501854
-1362.165889 -250.778136 2172.631064
156.594385 65.098684 105.750373
18.704273 39.574965 60.532133
1.173228 98.414585 84.211182


2957.671612 801.688253 -4301.669775
21.287296 75.280604 70.398225
35.889986 95.170180 5.609814
-1377.393206 -254.495095 2195.431499
160.068031 64.324042 106.187093
18.751226 39.740312 60.564250
-2.439139 99.135831 83.644007


2988.077268 809.089323 -4347.260867
21.385632 75.219517 70.383521
35.906768 95.135114 5.718662
-1392.620522 -258.212054 2218.231932
163.541374 63.549422 106.623706
18.798289 39.907691 60.596720
-6.050176 99.855648 83.075892


3018.482923 816.490393 -4392.851958
21.483116 75.157950 70.368483
35.923328 95.099710 5.828387
-1407.847837 -261.929013 2241.032364
167.014429 62.774823 107.060219
18.845450 40.077096 60.629533
-9.659949 100.574238 82.506993


3048.888579 823.891462 -4438.443049
21.579823 75.095740 70.353003
35.939659 95.063967 5.938980
-1423.075151 -265.645971 2263.832794
170.487209 62.000246 107.496635
18.892701 40.248521 60.662678
-13.268532 101.291765 81.937434


3079.294234 831.292531 -4484.034140
21.675827 75.032755 70.336996
35.955756 95.027887 6.050428
-1438.302464 -269.362929 2286.633224
173.959727 61.225690 107.932962
18.940036 40.421962 60.696146
-16.875999 102.008370 81.367315


3109.699889 838.693601 -4529.625230
21.771196 74.968883 70.320397
35.971613 94.991468 6.162721
-1453.529776 -273.079887 2309.433652
177.431993 60.451155 108.369202
18.987452 40.597414 60.729929
-20.482422 102.724166 80.796713


3140.105544 846.094670 -4575.216320
21.865992 74.904033 70.303155
35.987227 94.954711 6.275850
-1468.757088 -276.796845 2332.234080
180.904020 59.676641 108.805361
19.034948 40.774875 60.764018
-24.087872 103.439250 80.225696


3170.511199 853.495739 -4620.807410
21.960269 74.838124 70.285228
36.002596 94.917614 6.389803
-1483.984399 -280.513802 2355.034506
184.375816 58.902147 109.241443
19.082529 40.954345 60.798409
-27.692410 104.153704 79.654316


3200.916854 860.896808 -4666.398499
22.054073 74.771087 70.266582
36.017716 94.880177 6.504571
-1499.211709 -284.230760 2377.834931
187.847392 58.127672 109.677451
19.130196 41.135824 60.833096
-31.296095 104.867595 79.082619


3231.322508 868.297878 -4711.989588
22.147444 74.702862 70.247188
36.032588 94.842399 6.620145
-1514.439019 -287.947717 2400.635355
191.318757 57.353218 110.113389
19.177957 41.319315 60.868076
-34.898981 105.580984 78.510642


3261.728162 875.698947 -4757.580677
22.240418 74.633395 70.227022
36.047212 94.804278 6.736516
-1529.666328 -291.664674 2423.435778
194.789917 56.578783 110.549260
19.225817 41.504824 60.903345
-38.501117 106.293921 77.938418


3292.133816 883.100016 -4803.171766
22.333023 74.562637 70.206061
36.061586 94.765813 6.853677
-1544.893636 -295.381631 2446.236200
198.260882 55.804367 110.985068
19.273785 41.692359 60.938903
-42.102549 107.006449 77.365975


3322.539470 890.501085 -4848.762854
22.425285 74.490540 70.184287
36.075712 94.727002 6.971620
-1560.120944 -299.098588 2469.036621
201.731659 55.029969 111.420814
19.321870 41.881928 60.974748
-45.703317 107.718607 76.793337


3352.945124 897.902154 -4894.353943
22.517224 74.417063 70.161683
36.089590 94.687843 7.090339
-1575.348251 -302.815545 2491.837041
205.202254 54.255591 111.856503
19.370080 42.073544 61.010880
-49.303460 108.430427 76.220525


3383.350778 905.303223 -4939.945030
22.608858 74.342164 70.138231
36.103223 94.648335 7.209827
-1590.575557 -306.532501 2514.637460
208.672675 53.481230 112.292137
19.418427 42.267220 61.047302
-52.903014 109.141941 75.647558


3413.756431 912.704292 -4985.536118
22.700201 74.265804 70.113918
36.116611 94.608475 7.330080
-1605.802863 -310.249458 2537.437878
212.142927 52.706888 112.727717
19.466920 42.462972 61.084014
-56.502011 109.853173 75.074452


3444.162084 920.105361 -5031.127206
22.791266 74.187944 70.088727
36.129756 94.568262 7.451092
-1621.030168 -313.966414 2560.238295
215.613015 51.932563 113.163247
19.515570 42.660818 61.121021
-60.100482 110.564147 74.501221


3474.567737 927.506429 -5076.718293
22.882061 74.108546 70.062645
36.142660 94.527692 7.572860
-1636.257472 -317.683370 2583.038711
219.082947 51.158256 113.598728
19.564389 42.860778 61.158324
-63.698454 111.274883 73.927878


3504.973390 934.907498 -5122.309380
22.972595 74.027573 70.035657
36.155325 94.486765 7.695380
-1651.484776 -321.400326 2605.839126
222.552727 50.383966 114.034163
19.613388 43.062874 61.195929
-67.295955 111.985399 73.354435


3535.379043 942.308567 -5167.900466
23.062873 73.944987 70.007749
36.167754 94.445477 7.818649
-1666.712079 -325.117282 2628.639541
226.022359 49.609692 114.469553
19.662580 43.267129 61.233841
-70.893008 112.695713 72.780901


3565.784696 949.709636 -5213.491553
23.152898 73.860750 69.978908
36.179947 94.403826 7.942664
-1681.939382 -328.834237 2651.439955
229.491850 48.835436 114.904900
19.711975 43.473570 61.272065
-74.489635 113.405838 72.207285


3596.190348 957.110704 -5259.082639
23.242673 73.774824 69.949119
36.191907 94.361810 8.067424
-1697.166684 -332.551193 2674.240367
232.961202 48.061195 115.340206
19.761586 43.682224 61.310607
-78.085859 114.115788 71.633596


3626.596000 964.511773 -5304.673725
23.332199 73.687169 69.918368
36.203637 94.319426 8.192928
-1712.393985 -336.268148 2697.040779
236.430422 47.286970 115.775472
19.811427 43.893120 61.349475
-81.681699 114.825576 71.059840


3657.001653 971.912842 -5350.264811
23.421475 73.597746 69.886641
36.215137 94.276671 8.319174
-1727.621286 -339.985104 2719.841190
239.899512 46.512761 116.210700
19.861510 44.106292 61.388676
-85.277173 115.535212 70.486025


3687.407305 979.313910 -5395.855897
23.510499 73.506515 69.853922
36.226409 94.233543 8.446161
-1742.848587 -343.702059 2742.641601
243.368476 45.738568 116.645892
19.911848 44.321772 61.428218
-88.872299 116.244706 69.912155


3717.812957 986.714979 -5441.446982
23.599268 73.413432 69.820196
36.237457 94.190040 8.573890
-1758.075887 -347.419014 2765.442010
246.837320 44.964390 117.081048
19.962456 44.539596 61.468111
-92.467092 116.954067 69.338236


3748.218608 994.116047 -5487.038068
23.687779 73.318455 69.785448
36.248280 94.146157 8.702360
-1773.303186 -351.135969 2788.242419
250.306045 44.190226 117.516171
20.013347 44.759803 61.508363
-96.061568 117.663303 68.764273


3778.624260 1001.517116 -5532.629153
23.776025 73.221538 69.749661
36.258881 94.101894 8.831572
-1788.530485 -354.852923 2811.042827
253.774656 43.416077 117.951261
20.064535 44.982433 61.548986
-99.655742 118.372423 68.190270


3809.029911 1008.918184 -5578.220238
23.864000 73.122636 69.712818
36.269261 94.057246 8.961527
-1803.757783 -358.569878 2833.843234
257.243155 42.641943 118.386319
20.116037 45.207529 61.589990
-103.249626 119.081432 67.616231


3839.435563 1016.319253 -5623.811322
23.951697 73.021699 69.674903
36.279423 94.012211 9.092225
-1818.985081 -362.286833 2856.643641
260.711546 41.867823 118.821347
20.167867 45.435135 61.631386
-106.843233 119.790338 67.042159


3869.841214 1023.720321 -5669.402407
24.039107 72.918678 69.635896
36.289366 93.966786 9.223669
-1834.212379 -366.003787 2879.444046
264.179833 41.093716 119.256346
20.220041 45.665300 61.673189
-110.436575 120.499147 66.468057


3900.246865 1031.121389 -5714.993491
24.126219 72.813519 69.595779
36.299092 93.920969 9.355860
-1849.439676 -369.720741 2902.244451
267.648017 40.319624 119.691316
20.272577 45.898073 61.715410
-114.029663 121.207862 65.893929


3930.652516 1038.522458 -5760.584575
24.213024 72.706168 69.554533
36.308603 93.874755 9.488799
-1864.666972 -373.437696 2925.044856
271.116102 39.545544 120.126259
20.325493 46.133509 61.758064
-117.622508 121.916491 65.319777


3961.058167 1045.923526 -5806.175659
24.299508 72.596567 69.512136
36.317900 93.828143 9.622490
-1879.894268 -377.154650 2947.845259
274.584090 38.771478 120.561175
20.378806 46.371662 61.801167
-121.215119 122.625037 64.745602


3991.463818 1053.324594 -5851.766743
24.385657 72.484656 69.468568
36.326983 93.781129 9.756933
-1895.121564 -380.871604 2970.645662
278.051984 37.997425 120.996066
20.432536 46.612593 61.844734
-124.807506 123.333504 64.171408


4021.869469 1060.725662 -5897.357826
24.471458 72.370371 69.423805
36.335853 93.733709 9.892132
-1910.348859 -384.588558 2993.446065
281.519786 37.223384 121.430932
20.486704 46.856364 61.888783
-128.399677 124.041897 63.597196


4052.275119 1068.126731 -5942.948910
24.556894 72.253646 69.377824
36.344512 93.685882 10.028090
-1925.576153 -388.305511 3016.246466
284.987499 36.449356 121.865775
20.541331 47.103042 61.933331
-131.991642 124.750219 63.022968


4082.680770 1075.527799 -5988.539993
24.641946 72.134410 69.330601
36.352959 93.637644 10.164809
-1940.803448 -392.022465 3039.046867
288.455125 35.675341 122.300594
20.596440 47.352697 61.978400
-135.583407 125.458474 62.448726


4113.086420 1082.928867 -6034.131076
24.726596 72.012589 69.282108
36.361196 93.588990 10.302293
-1956.030741 -395.739419 3061.847268
291.922666 34.901337 122.735390
20.652055 47.605404 62.024009
-139.174981 126.166665 61.874471


4143.492070 1090.329935 -6079.722159
24.810822 71.888104 69.232318
36.369223 93.539919 10.440545
-1971.258035 -399.456372 3084.647667
295.390124 34.127345 123.170165
20.708201 47.861241 62.070181
-142.766370 126.874795 61.300204


4173.897720 1097.731003 -6125.313242
24.894601 71.760873 69.181202
36.377040 93.490427 10.579568
-1986.485328 -403.173326 3107.448066
298.857502 33.353365 123.604919
20.764906 48.120292 62.116939
-146.357581 127.582867 60.725926


4204.303370 1105.132071 -6170.904324
24.977908 71.630807 69.128730
36.384648 93.440510 10.719366
-2001.712620 -406.890279 3130.248465
302.324800 32.579396 124.039652
20.822200 48.382647 62.164309
-149.948621 128.290883 60.151640


4234.709020 1112.533139 -6216.495407
25.060715 71.497812 69.074867
36.392048 93.390166 10.859944
-2016.939913 -410.607232 3153.048863
305.792022 31.805439 124.474366
20.880113 48.648400 62.212319
-153.539495 128.998845 59.577345


4265.114670 1119.934207 -6262.086489
25.142993 71.361788 69.019579
36.399239 93.339389 11.001304
-2032.167204 -414.324185 3175.849260
309.259169 31.031492 124.909060
20.938679 48.917654 62.260998
-157.130210 129.706757 59.003042


4295.520320 1127.335275 -6307.677571
25.224709 71.222629 68.962830
36.406221 93.288178 11.143452
-2047.394496 -418.041138 3198.649657
312.726242 30.257557 125.343736
20.997934 49.190515 62.310378
-160.720770 130.414621 58.428733


4325.925969 1134.736343 -6353.268653
25.305827 71.080221 68.904578
36.412995 93.236529 11.286392
-2062.621787 -421.758091 3221.450053
316.193244 29.483632 125.778394
21.057917 49.467100 62.360492
-164.311181 131.122437 57.854419


4356.331619 1142.137411 -6398.859735
25.386309 70.934442 68.844783
36.419561 93.184437 11.430127
-2077.849077 -425.475044 3244.250448
319.660176 28.709718 126.213033
21.118670 49.747533 62.411377
-167.901449 131.830209 57.280099


4386.737268 1149.538479 -6444.450817
25.466112 70.785160 68.783397
36.425919 93.131899 11.574663
-2093.076368 -429.191997 3267.050843
323.127040 27.935814 126.647656
21.180240 50.031946 62.463074
-171.491577 132.537938 56.705775


4417.142917 1156.939547 -6490.041898
25.545188 70.632236 68.720373
36.432068 93.078911 11.720004
-2108.303658 -432.908949 3289.851238
326.593837 27.161920 127.082262
21.242677 50.320484 62.515624
-175.081570 133.245625 56.131447


4447.548567 1164.340615 -6535.632980
25.623486 70.475515 68.655657
36.438008 93.025470 11.866156
-2123.530947 -436.625902 3312.651632
330.060568 26.388037 127.516852
21.306034 50.613299 62.569076
-178.671433 133.953273 55.557116


4477.954216 1171.741683 -6581.224061
25.700949 70.314835 68.589193
36.443740 92.971571 12.013123
-2138.758236 -440.342854 3335.452025
333.527236 25.614163 127.951427
21.370373 50.910561 62.623480
-182.261170 134.660883 54.982782


4508.359865 1179.142750 -6626.815142
25.777513 70.150017 68.520919
36.449263 92.917212 12.160911
-2153.985525 -444.059807 3358.252418
336.993841 24.840299 128.385985
21.435759 51.212449 62.678891
-185.850784 135.368456 54.408447


4538.765514 1186.543818 -6672.406223
25.853109 69.980865 68.450767
36.454576 92.862386 12.309525
-2169.212813 -447.776759 3381.052810
340.460385 24.066444 128.820529
21.502265 51.519160 62.735372
-189.440279 136.075994 53.834109


4569.171163 1193.944886 -6717.997304
25.927657 69.807170 68.378664
36.459680 92.807092 12.458970
-2184.440102 -451.493711 3403.853202
343.926869 23.292599 129.255059
21.569973 51.830910 62.792988
-193.029659 136.783498 53.259769


4599.576811 1201.345954 -6763.588384
26.001070 69.628697 68.304530
36.464573 92.751323 12.609252
-2199.667389 -455.210664 3426.653593
347.393294 22.518763 129.689574
21.638973 52.147934 62.851814
-196.618928 137.490969 52.685429


4629.982460 1208.747022 -6809.179465
26.073249 69.445193 68.228276
36.469256 92.695077 12.760376
-2214.894677 -458.927616 3449.453984
350.859662 21.744936 130.124076
21.709367 52.470490 62.911932
-200.208088 138.198408 52.111088


4660.388109 1216.148089 -6854.770545
26.144083 69.256375 68.149804
36.473727 92.638349 12.912350
-2230.121964 -462.644568 3472.254374
354.325974 20.971118 130.558564
21.781268 52.798864 62.973433
-203.797142 138.905817 51.536747


4690.793757 1223.549157 -6900.361626
26.213443 69.061932 68.069007
36.477987 92.581135 13.065178
-2245.349251 -466.361520 3495.054764
357.792231 20.197309 130.993039
21.854806 53.133370 63.036420
-207.386095 139.613196 50.962405


4721.199405 1230.950225 -6945.952706
26.281186 68.861514 67.985762
36.482034 92.523429 13.218867
-2260.576537 -470.078471 3517.855153
361.258433 19.423508 131.427502
21.930129 53.474361 63.101005
-210.974948 140.320547 50.388063


4751.605054 1238.351292 -6991.543786
26.347145 68.654733 67.899934
36.485867 92.465228 13.373424
-2275.803823 -473.795423 3540.655542
364.724583 18.649716 131.861952
22.007405 53.822230 63.167320
-214.563704 141.027870 49.813722


4782.010702 1245.752360 -7037.134866
26.411126 68.441150 67.811369
36.489487 92.406527 13.528854
-2291.031109 -477.512375 3563.455931
368.190681 17.875932 132.296389
22.086830 54.177419 63.235509
-218.152367 141.735167 49.239381


4812.416350 1253.153428 -7082.725946
26.472904 68.220265 67.719892
36.492892 92.347322 13.685164
-2306.258395 -481.229327 3586.256319
371.656729 17.102157 132.730815
22.168632 54.540431 63.305741
-221.740938 142.442437 48.665041


4842.821998 1260.554495 -7128.317026
26.532214 67.991512 67.625303
36.496081 92.287607 13.842362
-2321.485680 -484.946278 3609.056706
375.122726 16.328390 133.165230
22.253079 54.911839 63.378209
-225.329420 143.149683 48.090702


4873.227646 1267.955563 -7173.908105
26.588740 67.754235 67.527370
36.499054 92.227378 14.000453
-2336.712965 -488.663230 3631.857093
378.588675 15.554630 133.599633
22.340489 55.292300 63.453138
-228.917816 143.856905 47.516364


4903.633294 1275.356630 -7219.499185
26.642101 67.507673 67.425822
36.501809 92.166630 14.159446
-2351.940250 -492.380181 3654.657480
382.054575 14.780879 134.034025
22.431244 55.682581 63.530792
-232.506127 144.564103 46.942028


4934.038942 1282.757698 -7265.090264
26.691835 67.250933 67.320337
36.504345 92.105359 14.319347
-2367.167534 -496.097132 3677.457866
385.520429 14.007135 134.468407
22.525809 56.083578 63.611483
-236.094356 145.271278 46.367692


4964.444590 1290.158765 -7310.681343
26.737368 66.982954 67.210533
36.506662 92.043558 14.480163
-2382.394818 -499.814084 3700.258251
388.986237 13.233399 134.902778
22.624761 56.496359 63.695587
-239.682505 145.978431 45.793359


4994.850238 1297.559833 -7356.272422
26.777978 66.702456 67.095943
36.508758 91.981223 14.641903
-2397.622102 -503.531035 3723.058637
392.451999 12.459671 135.337138
22.728824 56.922206 63.783564
-243.270576 146.685563 45.219026


5025.255885 1304.960900 -7401.863501
26.812738 66.407873 66.975988
36.510632 91.918348 14.804574
-2412.849385 -507.247986 3745.859021
395.917717 11.685950 135.771489
22.838927 57.362690 63.875983
-246.858572 147.392675 44.644696


5055.661533 1312.361968 -7447.454580
26.840424 66.097250 66.849938
36.512283 91.854930 14.968183
-2428.076668 -510.964937 3768.659406
399.383391 10.912236 136.205830
22.956297 57.819772 63.973566
-250.446493 148.099766 44.070367


5086.067180 1319.763035 -7493.045659
26.859375 65.768088 66.716844
36.513710 91.790961 15.132739
-2443.303951 -514.681888 3791.459790
402.849022 10.138530 136.640161
23.082596 58.295955 64.077255
-254.034341 148.806837 43.496041


5116.472828 1327.164103 -7538.636738
26.867247 65.417100 66.575434
36.514911 91.726437 15.298249
-2458.531234 -518.398839 3814.260173
406.314611 9.364830 137.074483
23.220170 58.794531 64.188314
-257.622119 149.513889 42.921716


5146.878475 1334.565170 -7584.227816
26.860571 65.039802 66.423930
36.515885 91.661353 15.464723
-2473.758516 -522.115790 3837.060557
409.780159 8.591138 137.508796
23.372492 59.319989 64.308509
-261.209828 150.220923 42.347393


5177.284122 1341.966237 -7629.818895
26.833866 64.629787 66.259712
36.516630 91.595702 15.632168
-2488.985799 -525.832741 3859.860939
413.245667 7.817452 137.943100
23.545045 59.878741 64.440455
-264.797470 150.927939 41.773073


5207.689770 1349.367305 -7675.409973
26.777664 64.177310 66.078614
36.517145 91.529481 15.800593
-2504.213080 -529.549691 3882.661322
416.711134 7.043773 138.377395
23.747298 60.480538 64.588308
-268.385046 151.634938 41.198755


5238.095417 1356.768372 -7721.001052
26.673272 63.666216 65.873258
36.517429 91.462682 15.970008
-2519.440362 -533.266642 3905.461704
420.176563 6.270101 138.811681
23.997948 61.141538 64.759437
-271.972558 152.341919 40.624439


5268.501064 1364.169439 -7766.592130
26.474730 63.066476 65.628154
36.517480 91.395300 16.140420
-2534.667643 -536.983593 3928.262085
423.641952 5.496436 139.245959
24.342956 61.891778 64.969322
-275.560007 153.048884 40.050125


5298.906711 1371.570507 -7812.183208
26.010367 62.320499 65.300358
36.517296 91.327331 16.311839
-2549.894924 -540.700543 3951.062467
427.107304 4.722777 139.680229
24.953997 62.788850 65.260898
-279.147395 153.755832 39.475814


5329.312358 1378.971574 -7857.774286
24.179217 62.180848 64.920999
36.516877 91.258769 16.484273
-2565.122205 -544.417494 3973.862848
430.572619 3.949125 140.114490
26.932037 63.080200 65.603028
-282.734723 154.462765 38.901505


5359.718005 1386.372641 -7903.365364
22.557235 62.109797 64.592933
36.516220 91.189610 16.657733
-2580.349486 -548.134444 3996.663228
434.037897 3.175478 140.548744
28.701124 63.303556 65.892846
-286.321992 155.169683 38.327198


5390.123651 1393.773709 -7948.956442
20.982432 62.048192 64.274323
36.515327 91.119852 16.832221
-2595.576766 -551.851395 4019.463608
437.503139 2.401838 140.982990
30.423246 63.518073 66.172184
-289.909204 155.876585 37.752894


5420.529298 1401.174776 -7994.547519
19.428210 61.990072 63.959328
36.514199 91.049493 17.007744
-2610.804046 -555.568345 4042.263988
440.968346 1.628205 141.417229
32.125002 63.729714 66.446879
-293.496360 156.583473 37.178592


5450.934945 1408.575843 -8040.138597
17.885572 61.933822 63.646083
36.512839 90.978534 17.184300
-2626.031326 -559.285295 4065.064367
444.433518 0.854577 141.851460
33.815387 63.940095 66.718795
-297.083461 157.290347 36.604293


5481.340591 1415.976910 -8085.729674
16.350411 61.878793 63.333766
36.511250 90.906976 17.361889
-2641.258606 -563.002245 4087.864746
447.898655 0.080955 142.285684
35.498502 64.149859 66.988755
-300.670508 157.997207 36.029997


5511.746238 1423.377978 -8131.320752
14.820517 61.824667 63.021945
36.509435 90.834824 17.540507
-2656.485885 -566.719196 4110.665125
451.363759 -0.692661 142.719900
37.176559 64.359324 67.257196
-304.257503 158.704053 35.455703


5542.151884 1430.779045 -8176.911829
13.294561 61.771262 62.710367
36.507401 90.762081 17.720148
-2671.713165 -570.436146 4133.465504
454.828830 -1.466271 143.154110
38.850877 64.568665 67.524375
-307.844446 159.410886 34.881411


5572.557531 1438.180112 -8222.502906
11.771688 61.718466 62.398875
36.505152 90.688754 17.900804
-2686.940444 -574.153096 4156.265882
458.293868 -2.239875 143.588313
40.522308 64.777989 67.790458
-311.431339 160.117706 34.307122


5602.963177 1445.581179 -8268.093983
10.251315 61.666202 62.087364
36.502696 90.614850 18.082463
-2702.167722 -577.870046 4179.066259
461.758873 -3.013473 144.022509
42.191431 64.987364 68.055562
-315.018182 160.824513 33.732836


5633.368824 1452.982246 -8313.685061
8.733025 61.614417 61.775763
36.500040 90.540378 18.265113
-2717.395001 -581.586996 4201.866637
465.223848 -3.787066 144.456698
43.858653 65.196836 68.319767
-318.604976 161.531308 33.158552


5663.774470 1460.383313 -8359.276138
7.216512 61.563069 61.464026
36.497191 90.465348 18.448739
-2732.622279 -585.303946 4224.667014
468.688790 -4.560653 144.890881
45.524274 65.406434 68.583138
-322.191723 162.238091 32.584271


5694.180116 1467.784381 -8404.867214
5.701547 61.512127 61.152119
36.494157 90.389771 18.633324
-2747.849557 -589.020896 4247.467390
472.153703 -5.334235 145.325057
47.188516 65.616180 68.845725
-325.778423 162.944862 32.009992


5724.585762 1475.185448 -8450.458291
4.187950 61.461565 60.840018
36.490946 90.313659 18.818850
-2763.076835 -592.737845 4270.267767
475.618585 -6.107812 145.759228
48.851552 65.826088 69.107567
-329.365078 163.651621 31.435716


5754.991408 1482.586515 -8496.049368
2.675579 61.411361 60.527709
36.487568 90.237025 19.005296
-2778.304113 -596.454795 4293.068143
479.083437 -6.881383 146.193392
50.513513 66.036165 69.368702
-332.951688 164.358369 30.861443


5785.397054 1489.987582 -8541.640445
1.164322 61.361496 60.215182
36.484030 90.159882 19.192641
-2793.531390 -600.171745 4315.868519
482.548259 -7.654948 146.627550
52.174505 66.246418 69.629158
-336.538253 165.065105 30.287172


5815.802700 1497.388649 -8587.231521
-0.345914 61.311954 59.902433
36.480341 90.082245 19.380863
-2808.758667 -603.888694 4338.668894
486.013053 -8.428509 147.061702
53.834613 66.456849 69.888965
-340.124776 165.771831 29.712904


5846.208346 1504.789716 -8632.822598
-1.855207 61.262719 59.589459
36.476511 90.004128 19.569937
-2823.985944 -607.605644 4361.469269
489.477818 -9.202064 147.495848
55.493905 66.667457 70.148147
-343.711256 166.478545 29.138638


5876.613992 1512.190783 -8678.413674
-3.363621 61.213777 59.276261
36.472547 89.925548 19.759839
-2839.213221 -611.322594 4384.269644
492.942555 -9.975614 147.929989
57.152438 66.878242 70.406729
-347.297694 167.185250 28.564375


5907.019638 1519.591850 -8724.004750
-4.871211 61.165116 58.962843
36.468458 89.846518 19.950543
-2854.440498 -615.039543 4407.070018
496.407264 -10.749159 148.364124
58.810259 67.089200 70.664732
-350.884091 167.891944 27.990115


5937.425284 1526.992917 -8769.595827
-6.378024 61.116724 58.649207
36.464252 89.767055 20.142024
-2869.667774 -618.756492 4429.870393
499.871946 -11.522699 148.798253
60.467407 67.300327 70.922180
-354.470448 168.598627 27.415857


5967.830929 1534.393984 -8815.186903
-7.884101 61.068589 58.335359
36.459936 89.687174 20.334255
-2884.895051 -622.473442 4452.670766
503.336600 -12.296234 149.232377
62.123917 67.511619 71.179092
-358.056766 169.305301 26.841602


5998.236575 1541.795051 -8860.777979
-9.389480 61.020701 58.021306
36.455518 89.606892 20.527210
-2900.122327 -626.190391 4475.471140
506.801228 -13.069765 149.666496
63.779818 67.723072 71.435489
-361.643045 170.011965 26.267349


6028.642221 1549.196118 -8906.369055
-10.894192 60.973050 57.707053
36.451005 89.526224 20.720863
-2915.349602 -629.907341 4498.271513
510.265830 -13.843290 150.100609
65.435134 67.934678 71.691390
-365.229285 170.718619 25.693099


6059.047866 1556.597185 -8951.960131
-12.398267 60.925625 57.392608
36.446404 89.445186 20.915187
-2930.576878 -633.624290 4521.071886
513.730406 -14.616810 150.534718
67.089890 68.146432 71.946815
-368.815488 171.425264 25.118851


6089.453512 1563.998252 -8997.551207
-13.901730 60.878418 57.077978
36.441720 89.363793 21.110157
-2945.804154 -637.341239 4543.872259
517.194956 -15.390326 150.968821
68.744105 68.358329 72.201782
-372.401654 172.131900 24.544606


6119.859157 1571.399319 -9043.142282
-15.404606 60.831419 56.763171
36.436961 89.282060 21.305747
-2961.031429 -641.058188 4566.672632
520.659481 -16.163837 151.402919
70.397798 68.570361 72.456310
-375.987784 172.838526 23.970363


6150.264803 1578.800386 -9088.733358
-16.906917 60.784619 56.448195
36.432131 89.200002 21.501930
-2976.258704 -644.775137 4589.473004
524.123981 -16.937344 151.837012
72.050986 68.782523 72.710415
-379.573879 173.545144 23.396123


6180.670448 1586.201453 -9134.324434
-18.408684 60.738012 56.133056
36.427236 89.117633 21.698684
-2991.485979 -648.492086 4612.273376
527.588457 -17.710846 152.271100
73.703683 68.994808 72.964115
-383.159938 174.251753 22.821885


6211.076093 1593.602520 -9179.915509
-19.909925 60.691588 55.817763
36.422280 89.034967 21.895983
-3006.713254 -652.209035 4635.073747
531.052908 -18.484343 152.705184
75.355906 69.207211 73.217427
-386.745963 174.958353 22.247650


6241.481739 1601.003587 -9225.506585
-21.410658 60.645340 55.502323
36.417268 88.952018 22.093804
-3021.940528 -655.925984 4657.874119
534.517336 -19.257836 153.139263
77.007667 69.419725 73.470367
-390.331953 175.664944 21.673417


6271.887384 1608.404654 -9271.097660
-22.910901 60.599261 55.186744
36.412204 88.868799 22.292124
-3037.167802 -659.642933 4680.674490
537.981739 -20.031324 153.573337
78.658979 69.632344 73.722949
-393.917911 176.371527 21.099187


6302.293029 1615.805720 -9316.688735
-24.410670 60.553343 54.871032
36.407092 88.785322 22.490920
-3052.395077 -663.359882 4703.474861
541.446120 -20.804808 154.007407
80.309855 69.845063 73.975189
-397.503835 177.078102 20.524959


6332.698674 1623.206787 -9362.279811
-25.909978 60.507581 54.555194
36.401935 88.701599 22.690172
-3067.622351 -667.076831 4726.275231
544.910477 -21.578287 154.441472
81.960307 70.057876 74.227102
-401.089727 177.784669 19.950734


6363.104319 1630.607854 -9407.870886
-27.408841 60.461967 54.239237
36.396736 88.617643 22.889859
-3082.849624 -670.793780 4749.075602
548.374811 -22.351762 154.875533
83.610346 70.270778 74.478701
-404.675587 178.491227 19.376511


6393.509964 1638.008921 -9453.461961
-28.907272 60.416496 53.923168
36.391498 88.533465 23.089961
-3098.076898 -674.510729 4771.875972
551.839123 -23.125233 155.309589
85.259983 70.483763 74.730000
-408.261416 179.197778 18.802290


6423.915609 1645.409988 -9499.053036
-30.405285 60.371161 53.606992
36.386224 88.449075 23.290459
-3113.304172 -678.227677 4794.676341
555.303413 -23.898700 155.743641
86.909229 70.696827 74.981012
-411.847214 179.904321 18.228072


6454.321254 1652.811055 -9544.644111
-31.902892 60.325957 53.290717
36.380917 88.364483 23.491334
-3128.531445 -681.944626 4817.476711
558.767681 -24.672162 156.177689
88.558093 70.909965 75.231749
-415.432981 180.610856 17.653856


6484.726899 1660.212121 -9590.235186
-33.400104 60.280878 52.974346
36.375578 88.279699 23.692569
-3143.758718 -685.661575 4840.277080
562.231927 -25.445621 156.611733
90.206587 71.123173 75.482222
-419.018719 181.317384 17.079642


6515.132544 1667.613188 -9635.826261
-34.896934 60.235920 52.657887
36.370209 88.194734 23.894147
-3158.985991 -689.378523 4863.077449
565.696151 -26.219075 157.045773
91.854719 71.336446 75.732443
-422.604427 182.023905 16.505431


6545.538189 1675.014255 -9681.417336
-36.393392 60.191077 52.341343
36.364813 88.109595 24.096052
-3174.213264 -693.095472 4885.877818
569.160355 -26.992525 157.479809
93.502499 71.549780 75.982424
-426.190105 182.730418 15.931222


6575.943834 1682.415322 -9727.008411
-37.889489 60.146344 52.024721
36.359391 88.024291 24.298268
-3189.440537 -696.812421 4908.678187
572.624538 -27.765970 157.913840
95.149936 71.763171 76.232174
-429.775755 183.436924 15.357016


6606.349478 1689.816389 -9772.599485
-39.385236 60.101718 51.708024
36.353944 87.938830 24.500782
-3204.667809 -700.529369 4931.478555
576.088699 -28.539412 158.347868
96.797040 71.976616 76.481703
-433.361377 184.143423 14.782811


6636.755123 1697.217455 -9818.190560
-40.880642 60.057194 51.391257
36.348475 87.853220 24.703578
-3219.895082 -704.246318 4954.278923
579.552841 -29.312850 158.781892
98.443818 72.190112 76.731020
-436.946971 184.849915 14.208609


6667.160768 1704.618522 -9863.781634
-42.375717 60.012767 51.074425
36.342983 87.767468 24.906644
-3235.122354 -707.963266 4977.079291
583.016962 -30.086284 159.215912
100.090279 72.403654 76.980136
-440.532538 185.556400 13.634409


6697.566412 1712.019589 -9909.372709
-43.870470 59.968434 50.757531
36.337471 87.681582 25.109966
-3250.349626 -711.680214 4999.879658
586.481063 -30.859714 159.649929
101.736432 72.617241 77.229058
-444.118077 186.262878 13.060212


6727.972057 1719.420656 -9954.963783
-45.364910 59.924191 50.440580
36.331940 87.595567 25.313534
-3265.576898 -715.397163 5022.680026
589.945145 -31.633140 160.083941
103.382284 72.830868 77.477794
-447.703590 186.969349 12.486017


6758.377702 1726.821722 -10000.554858
-46.859046 59.880034 50.123575
36.326390 87.509430 25.517334
-3280.804169 -719.114111 5045.480393
593.409207 -32.406563 160.517950
105.027843 73.044534 77.726353
-451.289076 187.675814 11.911824


6788.783346 1734.222789 -10046.145932
-48.352885 59.835960 49.806519
36.320822 87.423178 25.721357
-3296.031441 -722.831059 5068.280760
596.873250 -33.179981 160.951956
106.673117 73.258235 77.974741
-454.874537 188.382272 11.337633


6819.188990 1741.623856 -10091.737006
-49.846436 59.791966 49.489416
36.315238 87.336815 25.925592
-3311.258712 -726.548008 5091.081127
600.337274 -33.953396 161.385957
108.318113 73.471970 78.222967
-458.459971 189.088724 10.763444


6849.594635 1749.024922 -10137.328080
-51.339707 59.748049 49.172269
36.309637 87.250347 26.130029
-3326.485984 -730.264956 5113.881493
603.801278 -34.726807 161.819956
109.962839 73.685736 78.471036
-462.045381 189.795170 10.189257


6880.000279 1756.425989 -10182.919155
-52.832704 59.704205 48.855081
36.304021 87.163779 26.334658
-3341.713255 -733.981904 5136.681859
607.265264 -35.500214 162.253951
111.607300 73.899530 78.718955
-465.630766 190.501609 9.615073


6910.405924 1763.827056 -10228.510229
-54.325436 59.660432 48.537854
36.298390 87.077116 26.539471
-3356.940526 -737.698852 5159.482225
610.729232 -36.273617 162.687942
113.251504 74.113352 78.966731
-469.216126 191.208042 9.040891


6940.811568 1771.228122 -10274.101303
-55.817910 59.616726 48.220591
36.292744 86.990362 26.744459
-3372.167797 -741.415800 5182.282591
614.193182 -37.047017 163.121930
114.895458 74.327198 79.214369
-472.801461 191.914469 8.466711


6971.217212 1778.629189 -10319.692377
-57.310131 59.573087 47.903294
36.287085 86.903523 26.949614
-3387.395067 -745.132748 5205.082957
617.657113 -37.820413 163.555915
116.539167 74.541067 79.461875
-476.386773 192.620891 7.892533


7001.622856 1786.030256 -10365.283451
-58.802107 59.529510 47.585967
36.281413 86.816601 27.154929
-3402.622338 -748.849696 5227.883322
621.121027 -38.593806 163.989896
118.182639 74.754958 79.709254
-479.972061 193.327306 7.318357


7032.028501 1793.431322 -10410.874524
-60.293844 59.485994 47.268611
36.275728 86.729601 27.360395
-3417.849608 -752.566644 5250.683687
624.584922 -39.367195 164.423875
119.825878 74.968869 79.956512
-483.557326 194.033715 6.744183


7062.434145 1800.832389 -10456.465598
-61.785348 59.442536 46.951227
36.270030 86.642526 27.566007
-3433.076879 -756.283592 5273.484052
628.048801 -40.140581 164.857850
121.468891 75.182798 80.203652
-487.142568 194.740118 6.170011


7092.839789 1808.233455 -10502.056672
-63.276625 59.399134 46.633819
36.264321 86.555381 27.771757
-3448.304149 -760.000540 5296.284417
631.512662 -40.913963 165.291822
123.111684 75.396744 80.450680
-490.727787 195.446516 5.595841


7123.245433 1815.634522 -10547.647746
-64.767681 59.355787 46.316388
36.258600 86.468168 27.977640
-3463.531419 -763.717488 5319.084781
634.976506 -41.687341 165.725790
124.754261 75.610705 80.697600
-494.312984 196.152908 5.021674


7153.651077 1823.035589 -10593.238819
-66.258521 59.312492 45.998936
36.252868 86.380890 28.183649
-3478.758689 -767.434436 5341.885146
638.440333 -42.460716 166.159756
126.396629 75.824681 80.944416
-497.898159 196.859295 4.447508


7184.056721 1830.436655 -10638.829893
-67.749151 59.269247 45.681463
36.247125 86.293551 28.389779
-3493.985958 -771.151384 5364.685510
641.904143 -43.234088 166.593719
128.038792 76.038670 81.191132
-501.483311 197.565676 3.873344


7214.462365 1837.837722 -10684.420966
-69.239576 59.226050 45.363973
36.241371 86.206153 28.596024
-3509.213228 -774.868332 5387.485874
645.367937 -44.007456 167.027678
129.680756 76.252672 81.437752
-505.068442 198.272051 3.299182


7244.868009 1845.238788 -10730.012040
-70.729800 59.182901 45.046466
36.235606 86.118700 28.802379
-3524.440497 -778.585279 5410.286238
648.831714 -44.780821 167.461635
131.322525 76.466684 81.684280
-508.653552 198.978421 2.725023


7275.273653 1852.639855 -10775.603113
-72.219830 59.139796 44.728944
36.229832 86.031193 29.008839
-3539.667767 -782.302227 5433.086601
652.295475 -45.554183 167.895589
132.964103 76.680707 81.930719
-512.238641 199.684786 2.150865


7305.679297 1860.040921 -10821.194187
-73.709669 59.096735 44.411408
36.224048 85.943635 29.215401
-3554.895036 -786.019175 5455.886964
655.759220 -46.327541 168.329540
134.605497 76.894739 82.177072
-515.823709 200.391146 1.576709


7336.084940 1867.441988 -10866.785260
-75.199322 59.053716 44.093859
36.218254 85.856028 29.422059
-3570.122305 -789.736122 5478.687328
659.222949 -47.100896 168.763488
136.246709 77.108779 82.423342
-519.408756 201.097500 1.002555


7366.490584 1874.843055 -10912.376333
-76.688793 59.010738 43.776298
36.212451 85.768375 29.628809
-3585.349574 -793.453070 5501.487690
662.686663 -47.874247 169.197433
137.887745 77.322827 82.669534
-522.993783 201.803850 0.428403


7396.896228 1882.244121 -10957.967406
-78.178088 58.967799 43.458727
36.206638 85.680678 29.835647
-3600.576843 -797.170018 5524.288053
666.150360 -48.647596 169.631375
139.528608 77.536882 82.915648
-526.578790 202.510194 -0.145747


7427.301872 1889.645188 -11003.558480
-79.667209 58.924898 43.141147
36.200817 85.592938 30.042569
-3615.804112 -800.886965 5547.088416
669.614043 -49.420941 170.065315
141.169303 77.750943 83.161689
-530.163777 203.216533 -0.719896


7457.707515 1897.046254 -11049.149553
-81.156162 58.882033 42.823558
36.194986 85.505158 30.249573
-3631.031380 -804.603913 5569.888778
673.077710 -50.194283 170.499252
142.809833 77.965010 83.407658
-533.748744 203.922868 -1.294042


7488.113159 1904.447321 -11094.740626
-82.644949 58.839204 42.505961
36.189147 85.417339 30.456653
-3646.258649 -808.320860 5592.689140
676.541361 -50.967622 170.933186
144.450202 78.179081 83.653559
-537.333693 204.629197 -1.868187


7518.518803 1911.848387 -11140.331699
-84.133575 58.796409 42.188357
36.183300 85.329483 30.663808
-3661.485917 -812.037808 5615.489502
680.004998 -51.740957 171.367118
146.090414 78.393157 83.899393
-540.918622 205.335522 -2.442329


7548.924446 1919.249454 -11185.922772
-85.622044 58.753648 41.870748
36.177444 85.241592 30.871034
-3676.713185 -815.754755 5638.289864
683.468620 -52.514290 171.801047
147.730473 78.607236 84.145163
-544.503532 206.041842 -3.016470


7579.330090 1926.650520 -11231.513845
-87.110359 58.710919 41.553133
36.171580 85.153668 31.078328
-3691.940453 -819.471703 5661.090226
686.932228 -53.287619 172.234973
149.370382 78.821319 84.390871
-548.088423 206.748157 -3.590609


7609.735733 1934.051587 -11277.104917
-88.598523 58.668220 41.235514
36.165709 85.065710 31.285686
-3707.167721 -823.188650 5683.890587
690.395820 -54.060946 172.668897
151.010144 79.035405 84.636520
-551.673296 207.454467 -4.164747


7640.141377 1941.452653 -11322.695990
-90.086540 58.625552 40.917892
36.159829 84.977722 31.493108
-3722.394989 -826.905597 5706.690949
693.859399 -54.834269 173.102819
152.649763 79.249492 84.882111
-555.258151 208.160773 -4.738882


7670.547020 1948.853719 -11368.287063
-91.574413 58.582913 40.600266
36.153942 84.889705 31.700589
-3737.622257 -830.622545 5729.491310
697.322963 -55.607589 173.536737
154.289242 79.463582 85.127646
-558.842987 208.867074 -5.313016


7700.952664 1956.254786 -11413.878136
-93.062145 58.540302 40.282637
36.148047 84.801659 31.908128
-3752.849524 -834.339492 5752.291671
700.786512 -56.380907 173.970654
155.928584 79.677673 85.373126
-562.427806 209.573371 -5.887148


7731.358307 1963.655852 -11459.469208
-94.549740 58.497719 39.965006
36.142145 84.713586 32.115722
-3768.076792 -838.056439 5775.092031
704.250048 -57.154221 174.404568
157.567792 79.891766 85.618555
-566.012607 210.279663 -6.461278


7761.763951 1971.056919 -11505.060281
-96.037200 58.455162 39.647374
36.136235 84.625487 32.323368
-3783.304059 -841.773387 5797.892392
707.713570 -57.927532 174.838479
159.206869 80.105859 85.863933
-569.597390 210.985951 -7.035406


7792.169594 1978.457985 -11550.651354
-97.524528 58.412631 39.329742
36.130319 84.537363 32.531066
-3798.531327 -845.490334 5820.692752
711.177078 -58.700841 175.272388
160.845817 80.319952 86.109262
-573.182156 211.692235 -7.609533


7822.575237 1985.859052 -11596.242426
-99.011727 58.370125 39.012108
36.124395 84.449216 32.738812
-3813.758594 -849.207281 5843.493113
714.640573 -59.474146 175.706295
162.484640 80.534046 86.354544
-576.766906 212.398514 -8.183658


7852.980880 1993.260118 -11641.833499
-100.498800 58.327644 38.694475
36.118464 84.361046 32.946605
-3828.985861 -852.924228 5866.293473
718.104054 -60.247448 176.140199
164.123340 80.748140 86.599780
-580.351638 213.104789 -8.757782


7883.386524 2000.661184 -11687.424571
-101.985749 58.285186 38.376842
36.112527 84.272854 33.154442
-3844.213128 -856.641175 5889.093832
721.567522 -61.020748 176.574101
165.761920 80.962233 86.844972
-583.936353 213.811059 -9.331903


7913.792167 2008.062251 -11733.015644
-103.472577 58.242750 38.059209
36.106583 84.184641 33.362323
-3859.440395 -860.358123 5911.894192
725.030976 -61.794045 177.008001
167.400382 81.176325 87.090120
-587.521052 214.517326 -9.906023


7944.197810 2015.463317 -11778.606716
-104.959287 58.200337 37.741578
36.100632 84.096408 33.570245
-3874.667661 -864.075070 5934.694552
728.494417 -62.567339 177.441898
169.038729 81.390416 87.335227
-591.105735 215.223588 -10.480142


7974.603453 2022.864384 -11824.197788
-106.445881 58.157946 37.423948
36.094675 84.008156 33.778206
-3889.894928 -867.792017 5957.494911
731.957846 -63.340630 177.875794
170.676963 81.604507 87.580293
-594.690402 215.929846 -11.054258


8005.009096 2030.265450 -11869.788861
-107.932360 58.115576 37.106321
36.088711 83.919886 33.986206
-3905.122194 -871.508964 5980.295270
735.421261 -64.113918 178.309687
172.315086 81.818595 87.825320
-598.275052 216.636100 -11.628374


8035.414740 2037.666516 -11915.379933
-109.418729 58.073226 36.788695
36.082742 83.831598 34.194243
-3920.349461 -875.225911 6003.095629
738.884663 -64.887204 178.743578
173.953101 82.032683 88.070308
-601.859687 217.342350 -12.202487


8065.820383 2045.067583 -11960.971005
-110.904988 58.030895 36.471072
36.076766 83.743293 34.402315
-3935.576727 -878.942858 6025.895988
742.348053 -65.660487 179.177466
175.591010 82.246768 88.315260
-605.444306 218.048596 -12.776599


8096.226026 2052.468649 -12006.562077
-112.391140 57.988585 36.153451
36.070783 83.654972 34.610421
-3950.803993 -882.659805 6048.696347
745.811431 -66.433767 179.611353
177.228815 82.460852 88.560176
-609.028909 218.754838 -13.350709


8126.631669 2059.869715 -12052.153149
-113.877188 57.946292 35.835833
36.064795 83.566636 34.818559
-3966.031259 -886.376752 6071.496706
749.274796 -67.207044 180.045237
178.866518 82.674933 88.805057
-612.613497 219.461077 -13.924818


8157.037312 2067.270782 -12097.744221
-115.363132 57.904019 35.518219
36.058801 83.478284 35.026729
-3981.258525 -890.093699 6094.297064
752.738148 -67.980318 180.479120
180.504122 82.889012 89.049905
-616.198070 220.167311 -14.498925


8187.442955 2074.671848 -12143.335293
-116.848976 57.861763 35.200607
36.052802 83.389919 35.234928
-3996.485791 -893.810645 6117.097422
756.201488 -68.753590 180.913000
182.141627 83.103089 89.294719
-619.782628 220.873541 -15.073031


8217.848598 2082.072914 -12188.926365
-118.334720 57.819524 34.883000
36.046796 83.301539 35.443157
-4011.713057 -897.527592 6139.897781
759.664817 -69.526860 181.346878
183.779036 83.317163 89.539502
-623.367171 221.579768 -15.647135


8248.254241 2089.473981 -12234.517437
-119.820368 57.777302 34.565396
36.040785 83.213147 35.651414
-4026.940322 -901.244539 6162.698139
763.128133 -70.300126 181.780754
185.416351 83.531235 89.784253
-626.951699 222.285991 -16.221237


8278.659883 2096.875047 -12280.108509
-121.305920 57.735096 34.247796
36.034768 83.124742 35.859697
-4042.167588 -904.961486 6185.498496
766.591437 -71.073390 182.214628
187.053574 83.745304 90.028975
-630.536212 222.992210 -16.795338


8309.065526 2104.276113 -12325.699581
-122.791380 57.692907 33.930201
36.028746 83.036325 36.068006
-4057.394854 -908.678433 6208.298854
770.054729 -71.846651 182.648500
188.690706 83.959370 90.273667
-634.120711 223.698426 -17.369437


8339.471169 2111.677180 -12371.290653
-124.276747 57.650733 33.612609
36.022719 82.947896 36.276340
-4072.622119 -912.395380 6231.099212
773.518010 -72.619910 183.082371
190.327749 84.173433 90.518330
-637.705196 224.404638 -17.943535


8369.876812 2119.078246 -12416.881725
-125.762025 57.608574 33.295022
36.016686 82.859456 36.484698
-4087.849384 -916.112326 6253.899569
776.981279 -73.393166 183.516239
191.964705 84.387493 90.762966
-641.289667 225.110846 -18.517632


8400.282455 2126.479312 -12462.472796
-127.247214 57.566430 32.977440
36.010648 82.771006 36.693079
-4103.076649 -919.829273 6276.699926
780.444537 -74.166420 183.950105
193.601575 84.601549 91.007574
-644.874124 225.817051 -19.091727


8430.688098 2133.880378 -12508.063868
-128.732317 57.524301 32.659863
36.004605 82.682545 36.901482
-4118.303914 -923.546220 6299.500283
783.907783 -74.939671 184.383969
195.238362 84.815603 91.252157
-648.458566 226.523252 -19.665820


8461.093740 2141.281445 -12553.654940
-130.217335 57.482185 32.342290
35.998556 82.594075 37.109906
-4133.531179 -927.263166 6322.300640
787.371018 -75.712919 184.817832
196.875065 85.029653 91.496714
-652.042995 227.229450 -20.239912


8491.499383 2148.682511 -12599.246011
-131.702269 57.440084 32.024722
35.992503 82.505595 37.318351
-4148.758444 -930.980113 6345.100997
790.834241 -76.486165 185.251693
198.511688 85.243700 91.741246
-655.627411 227.935644 -20.814003


8521.905026 2156.083577 -12644.837083
-133.187121 57.397995 31.707159
35.986445 82.417106 37.526816
-4163.985709 -934.697060 6367.901354
794.297454 -77.259408 185.685551
200.148232 85.457743 91.985753
-659.211813 228.641835 -21.388092


8552.310668 2163.484643 -12690.428155
-134.671893 57.355920 31.389602
35.980382 82.328609 37.735300
-4179.212974 -938.414006 6390.701710
797.760655 -78.032649 186.119408
201.784697 85.671783 92.230237
-662.796201 229.348022 -21.962180


8582.716311 2170.885710 -12736.019226
-136.156586 57.313858 31.072050
35.974314 82.240103 37.943802
-4194.440238 -942.130953 6413.502066
801.223846 -78.805888 186.553263
203.421086 85.885819 92.474698
-666.380577 230.054206 -22.536266


8613.121954 2178.286776 -12781.610298
-137.641201 57.271808 30.754503
35.968241 82.151589 38.152321
-4209.667503 -945.847899 6436.302423
804.687025 -79.579124 186.987116
205.057400 86.099851 92.719137
-669.964939 230.760387 -23.110351


8643.527596 2185.687842 -12827.201369
-139.125740 57.229770 30.436961
35.962164 82.063068 38.360858
-4224.894767 -949.564846 6459.102779
808.150194 -80.352357 187.420968
206.693639 86.313880 92.963553
-673.549289 231.466564 -23.684434


8673.933239 2193.088908 -12872.792440
-140.610203 57.187745 30.119425
35.956082 81.974539 38.569411
-4240.122032 -953.281792 6481.903135
811.613352 -81.125588 187.854818
208.329806 86.527905 93.207948
-677.133625 232.172738 -24.258516


